"species","x","y","alt","wc2.0_bio_2.5m_1","wc2.0_bio_2.5m_5","wc2.0_bio_2.5m_6","wc2.0_bio_2.5m_16","wc2.0_bio_2.5m_17","current_2.5arcmin_climaticMoistureIndex","current_2.5arcmin_PETDriestQuarter","current_2.5arcmin_PETWettestQuarter"
"species",1,1,866,5.49483331851661,15.4840002059937,-4.47200012207031,1177,300,0.759999990463257,83.0699996948242,10.460000038147
"species",2,2,59,9.39683341855804,20.5,-3.19199991226196,1011,138,0.589999973773956,128.020004272461,13.0699996948242
"species",3,3,55,10.0424999197324,18.5,0.639999985694885,367,70,0.180000007152557,116.089996337891,15.3199996948242
"species",4,4,87,9.68166670630065,19.6800003051758,-1.26400005817413,640,88,0.449999988079071,106.459999084473,14.8100004196167
"species",5,5,31,10.4253331708411,20.7799987792969,-0.372000008821487,357,66,0.0199999995529652,107.440002441406,14.6199998855591
"species",6,6,365,9.83900001769265,19.1639995574951,0.136000007390976,1219,134,0.610000014305115,131.880004882812,22.1100006103516
"species",7,7,1074,10.3378334194422,21.9400005340576,-2.25600004196167,957,76,0.389999985694885,138.869995117188,23.6700000762939
"species",8,8,412,12.456666653355,27.92799949646,-4.60400009155273,286,45,-0.5,185.039993286133,25.6100006103516
"species",9,9,371,12.5069999421636,25.1119995117188,-1.88800001144409,888,28,0.319999992847443,169.699996948242,31.1200008392334
"species",10,10,912,12.2009999603033,27.3479995727539,-2.51999998092651,587,19,-0.189999997615814,186.539993286133,36.3899993896484
"species",11,11,1360,10.4273334555328,25.4640007019043,-4.69600009918213,690,34,0.170000001788139,168.75,35.3199996948242
"species",12,12,82,16.4576668441296,32.8400001525879,-2.05999994277954,175,4,-0.769999980926514,212.5,44.5200004577637
"species",13,13,621,12.806499928236,24.4360008239746,2.25600004196167,370,7,-0.620000004768372,166.190002441406,64.1399993896484
"species",14,14,279,17.8535001277924,31.923999786377,5.16400003433228,224,7,-0.790000021457672,185.440002441406,78.7699966430664
"species",15,15,1769,18.1903332273165,29.7040004730225,5.07200002670288,213,43,-0.629999995231628,85.0100021362305,151.889999389648
"species",16,16,594,23.01899989446,33.2000007629395,11.2360000610352,766,79,-0.0299999993294477,120.930000305176,159.100006103516
"species",17,17,16,25.2726667324702,33.8920021057129,15.6199998855591,518,133,-0.25,124.440002441406,159.679992675781
"species",18,18,1940,17.1418333649635,27.3360004425049,6.20799970626831,584,66,-0.0399999991059303,101.449996948242,116.910003662109
"species",19,19,1871,15.3556665976842,22.7919998168945,7.17199993133545,569,116,0.170000001788139,95.3499984741211,117.889999389648
"species",20,20,28,25.7578334013621,34.2120018005371,16.8479995727539,985,85,0.310000002384186,135.539993286133,130.960006713867
"species",21,21,26,25.2793330351512,33.6520004272461,16.007999420166,517,140,-0.239999994635582,124.900001525879,143.399993896484
"species",22,22,2216,15.3708333969116,23.57200050354,7.26800012588501,442,34,-0.360000014305115,116.980003356934,125.059997558594
"species",23,23,63,25.2741666634878,33.5120010375977,16.4440002441406,1547,231,0.479999989271164,144.440002441406,145.139999389648
"species",24,24,1539,18.7616664965947,26.1399993896484,10.9160003662109,811,131,0.25,120.589996337891,136.979995727539
"species",25,25,214,25.5993333657583,33.439998626709,17.2320003509521,990,194,0.150000005960464,122.680000305176,119.970001220703
"species",26,26,480,24.100333293279,31.3479995727539,16.3199996948242,660,18,-0.330000013113022,143.309997558594,164.919998168945
"species",27,27,779,23.464666724205,30.8400001525879,15.3760004043579,925,3,-0.0700000002980232,131.289993286133,152
"species",28,28,2287,15.4390000700951,22.3479995727539,7.67999982833862,694,24,0,101.660003662109,121.440002441406
"species",29,29,11,26.9901667435964,33.4679985046387,19.9440002441406,1083,181,0.300000011920929,148.460006713867,150.460006713867
"species",30,30,632,23.6269998550415,29.8080005645752,17.003999710083,728,186,0.239999994635582,141.100006103516,134.139999389648
"species",31,31,68,26.3025000890096,30.8680000305176,21.7999992370605,849,53,0.209999993443489,159.889999389648,134.779998779297
"species",32,32,412,24.1524999936422,29.7000007629395,19.0279998779297,1183,451,0.610000014305115,139.220001220703,130.660003662109
"species",33,33,1284,19.4361666440964,25.1520004272461,13.8800001144409,1296,373,0.490000009536743,117.599998474121,108.76000213623
"species",34,34,54,26.4811665217082,30.9599990844727,22.4839992523193,958,88,0.400000005960464,119,114.040000915527
"species",35,35,96,26.2624999682109,30.5360012054443,22.1159992218018,917,66,0.170000001788139,122.459999084473,112.559997558594
"species",36,36,328,25.5726664861043,30.3239994049072,21.0879993438721,1340,236,0.589999973773956,134.759994506836,119.099998474121
"species",37,37,145,27.7754999796549,33.2360000610352,22.4799995422363,871,310,0.270000010728836,150.100006103516,149.399993896484
"species",38,38,48,25.9631665547689,30.2759990692139,22.076000213623,2201,1363,0.779999971389771,121.830001831055,121.389999389648
"species",39,39,712,23.5473333994548,28.4039993286133,18.2679996490479,885,401,0.379999995231628,134.070007324219,119.970001220703
"species",40,40,163,25.7690001328786,32.2280006408691,20.1079998016357,957,213,0.330000013113022,154.960006713867,124.129997253418
"species",41,41,295,24.715833346049,29.7399997711182,19.3719997406006,1134,714,0.5,141.449996948242,124.610000610352
"species",42,42,236,25.2419997056325,30.5839996337891,19.3599987030029,984,545,0.430000007152557,143.440002441406,119.190002441406
"species",43,43,8,26.5970001220703,31.0400009155273,22.4839992523193,1275,257,0.219999998807907,148.070007324219,134.929992675781
"species",44,44,290,25.3185001214345,30.7679996490479,19.4839992523193,928,655,0.419999986886978,147.669998168945,127.050003051758
"species",45,45,226,25.542666832606,30.9799995422363,19.5240001678467,967,618,0.430000007152557,145.580001831055,119.51000213623
"species",46,46,79,25.971999724706,32.3079986572266,20.007999420166,1096,112,0.270000010728836,156.009994506836,127.75
"species",47,47,821,23.4258335431417,29.7000007629395,16.988000869751,460,241,0.0500000007450581,108.919998168945,119.970001220703
